         0    0.1282
    1.0000    0.1421
    2.0000    0.1574
    3.0000    0.1742
    4.0000    0.1926
    5.0000    0.2125
    6.0000    0.2340
    7.0000    0.2573
    8.0000    0.2820
    9.0000    0.3082
   10.0000    0.3368
   11.0000    0.3669
   12.0000    0.3994
   13.0000    0.4340
   14.0000    0.4708
   15.0000    0.5085
   16.0000    0.5492
   17.0000    0.5913
   18.0000    0.6365
   19.0000    0.6837
   20.0000    0.7338
   21.0000    0.7840
   22.0000    0.8385
   23.0000    0.8943
   24.0000    0.9524
   25.0000    1.0125
   26.0000    1.0769
   27.0000    1.1423
   28.0000    1.2091
   29.0000    1.2805
   30.0000    1.3559
   31.0000    1.4281
   32.0000    1.5076
   33.0000    1.5920
   34.0000    1.6748
   35.0000    1.7589
   36.0000    1.8469
   37.0000    1.9384
   38.0000    2.0296
   39.0000    2.1260
   40.0000    2.2276
   41.0000    2.3267
   42.0000    2.4353
   43.0000    2.5429
   44.0000    2.6539
   45.0000    2.7675
   46.0000    2.8815
   47.0000    2.9977
   48.0000    3.1223
   49.0000    3.2494
   50.0000    3.3798
   51.0000    3.5043
   52.0000    3.6487
   53.0000    3.7798
   54.0000    3.9363
   55.0000    4.0739
   56.0000    4.2236
   57.0000    4.3770
   58.0000    4.5224
   59.0000    4.6847
   60.0000    4.8391
   61.0000    5.0056
   62.0000    5.1733
   63.0000    5.3338
   64.0000    5.5506
   65.0000    5.7213
   66.0000    5.8991
   67.0000    6.0803
   68.0000    6.2557
   69.0000    6.4439
   70.0000    6.6375
   71.0000    6.8292
   72.0000    7.0209
   73.0000    7.2277
   74.0000    7.4366
   75.0000    7.6355
   76.0000    7.8475
   77.0000    8.0634
   78.0000    8.2856
   79.0000    8.5005
   80.0000    8.7143
   81.0000    8.9434
   82.0000    9.1753
   83.0000    9.4118
   84.0000    9.6369
   85.0000    9.8745
   86.0000   10.1310
   87.0000   10.3690
   88.0000   10.6210
   89.0000   10.8700
   90.0000   11.1210
   91.0000   11.3800
   92.0000   11.6410
   93.0000   11.9060
   94.0000   12.1810
   95.0000   12.4660
   96.0000   12.7400
   97.0000   13.0190
   98.0000   13.3170
   99.0000   13.5960
  100.0000   13.8870
  101.0000   14.1910
  102.0000   14.4740
  103.0000   14.7590
  104.0000   15.0780
  105.0000   15.3610
  106.0000   15.6940
  107.0000   16.0200
  108.0000   16.3410
  109.0000   16.6570
  110.0000   16.9950
  111.0000   17.3000
  112.0000   17.6420
  113.0000   17.9710
  114.0000   18.3070
  115.0000   18.6770
  116.0000   19.0270
  117.0000   19.3620
  118.0000   19.7420
  119.0000   20.0510
  120.0000   20.4310
  121.0000   20.7800
  122.0000   21.1480
  123.0000   21.5510
  124.0000   21.9370
  125.0000   22.3090
  126.0000   22.7130
  127.0000   23.0540
  128.0000   23.5820
  129.0000   23.9450
  130.0000   24.3970
  131.0000   24.7890
  132.0000   25.1920
  133.0000   25.6120
  134.0000   25.9950
  135.0000   26.4020
  136.0000   26.8380
  137.0000   27.2510
  138.0000   27.7040
  139.0000   28.1290
  140.0000   28.5540
  141.0000   28.9740
  142.0000   29.4150
  143.0000   29.8540
  144.0000   30.3640
  145.0000   30.8170
  146.0000   31.2630
  147.0000   31.7060
  148.0000   32.1660
  149.0000   32.6130
  150.0000   33.1570
  151.0000   33.5850
  152.0000   34.0950
  153.0000   34.5250
  154.0000   35.0440
  155.0000   35.5070
  156.0000   36.0450
  157.0000   36.5500
  158.0000   37.0420
  159.0000   37.5210
  160.0000   38.0520
  161.0000   38.5510
  162.0000   39.0940
  163.0000   39.5970
  164.0000   40.0990
  165.0000   40.6260
  166.0000   41.1600
  167.0000   41.7750
  168.0000   42.2820
  169.0000   42.8360
  170.0000   43.4410
  171.0000   43.9950
  172.0000   44.5800
  173.0000   45.1090
  174.0000   45.6600
  175.0000   46.2350
  176.0000   46.8440
  177.0000   47.4270
  178.0000   48.0050
  179.0000   48.5740
  180.0000   49.1510
  181.0000   49.7300
  182.0000   50.3360
  183.0000   50.9390
  184.0000   51.5760
  185.0000   52.1420
  186.0000   52.7700
  187.0000   53.3590
  188.0000   54.0010
  189.0000   54.6510
  190.0000   55.2540
  191.0000   55.8660
  192.0000   56.6880
  193.0000   57.3030
  194.0000   57.9070
  195.0000   58.5790
  196.0000   59.1870
  197.0000   59.8890
  198.0000   60.5410
  199.0000   61.1760
  200.0000   61.8360
  201.0000   62.5460
  202.0000   63.2010
  203.0000   63.8800
  204.0000   64.5800
  205.0000   65.2500
  206.0000   65.9760
  207.0000   66.6440
  208.0000   67.3630
  209.0000   68.0500
  210.0000   68.7940
  211.0000   69.5170
  212.0000   70.2010
  213.0000   70.9020
  214.0000   71.7670
  215.0000   72.4600
  216.0000   73.2300
  217.0000   73.9550
  218.0000   74.6970
  219.0000   75.4310
  220.0000   76.2260
  221.0000   76.9350
  222.0000   77.6970
  223.0000   78.4510
  224.0000   79.2630
  225.0000   80.0540
  226.0000   80.8240
  227.0000   81.6010
  228.0000   82.3750
  229.0000   83.1600
  230.0000   83.9660
  231.0000   84.7590
  232.0000   85.5840
  233.0000   86.2670
  234.0000   87.0700
  235.0000   87.8880
  236.0000   88.7280
  237.0000   89.5480
  238.0000   90.3860
  239.0000   91.1540
  240.0000   92.1050
  241.0000   92.8880
  242.0000   93.7770
  243.0000   94.5760
  244.0000   95.4960
  245.0000   96.2320
  246.0000   97.1280
  247.0000   97.9590
  248.0000   98.8040
  249.0000   99.6480
  250.0000  100.6200
  251.0000  101.5000
  252.0000  102.4200
  253.0000  103.2900
  254.0000  104.1400
  255.0000  105.0500